author1,author2,precision_author1,recall_author1,f1_score_author1,precision_author2,recall_author2,f1_score_author2,precision_weighted,precision_micro,precision_macro,recall_weighted,recall_micro,recall_macro,f1_weighted,f1_micro,f1_macro,auc_score,accuracy,rnn_layer,vectorizer
CariocaSatanico,logatwork,0.811,0.8273,0.8191,0.817,0.8,0.8084,0.814,0.8139,0.814,0.8139,0.8139,0.8137,0.8139,0.8139,0.8138,0.9027,0.8139,GRU,embedding_layer
